13262
13274
13277
13273
13275
13265
7979
13276
4151
22746
22983
22969
22966
22971
22804
22988
22973
20849
23064
23077
4732
4736
4738
4734
4708
4712
4714
4710
4716
4720
4722
4718
4724
4728
4730
4726
4745
4749
4751
4747
4753
4757
4759
4755
4740
22372
13178
12603
11920
7158
11995
11928
11929
11930
11931
11932
11933
11990
12653
7980
11286
13181
12605
13177
13179
12601
12816
12819
12823
12827
12833
12829
13247
13227
13229
13231
13245
13233
13249
11818
11820
11822
12651
11785
13256
11814
11816
11812
11810
12650
11832
11834
11836
12649
11826
11828
11830
12652
11791
11824
11787
11838
12644
12643
12645
6737
6733
6731
6735
6739
6724
6562
13225
6570
23757
23956
4207
23995
23859
12646
7416
7418
21748
21730
21736
21739
21742
21745
21726
22994
22883
22885
22881
21291
21295
12647
7981
12885
2513
12655
12004
11907
12007
20756
23495
23525
23520
23528
21273
19701
21275
19685
6571
19677
12648
12002
11998
21992
2425
22006
22106
22111
20693
20714
20718
20704
20708
20706
20710
20712
20720
23760
23953
23908
12921
13200
13201
12936
12932
12927
12922
12938
12934
20851
22386
20997
21003
21043
13652
21018
21021
21024
21015
21034
21079
21012
21000
21047
21027
6573
22388
22390
22392
22394
22396
22473
22325
22324
22323
22326
22327
22328
22477
22405
22494
22496
22498
22500
22502
23285
23288
23291
23294
23297
23300
23303
23306
23309
23312
23315
23318
23321
23324
23327
12297
20211
20217
20214
23351
20205
20208
20166
2587
2583
2585
3472
2589
2595
2591
2593
3473
2597
7332
7338
7344
7350
7356
10306
10308
10310
10312
10314
23366
23369
23372
23375
23378
20193
20184
20187
20190
20196
20178
20169
20172
20175
20181
12225
12227
12229
12233
12231
12235
12237
12239
12243
12241
12215
12217
12219
12223
12221
12205
12207
12209
12213
12211
7362
7366
7364
7368
23381
23384
7394
7390
7386
7396
7392
7388
12453
12449
12445
12455
12451
12447
20199
20202
10458
10464
10462
10466
10460
10468
12193
12195
12253
12255
12265
12267
10316
10320
10318
10322
10324
2631
2633
2635
2637
12247
10392
12245
12249
12251
10398
10394
10396
12375
23363
10404
10424
10406
10426
10412
10432
10414
10434
10408
10428
10410
10430
10366
23354
23360
23357
10280
2577
2579
12598
23413
23389
2605
2599
2601
3474
2603
2613
2607
2609
3475
2611
7334
7340
7346
7352
7358
10296
10298
10300
10302
10304
23392
23395
23398
23401
23404
12293
12287
12289
12295
12291
12283
12277
12279
12285
12281
7370
7372
7378
7380
10452
10446
10454
10448
10456
10450
12203
12197
12201
12199
12259
12261
12257
12263
12271
12273
12269
12275
7319
7323
7321
7327
7325
12309
12311
12313
2645
2647
2649
12299
12301
12303
12305
12307
12319
20240
20243
12377
20251
20260
20254
20263
20257
20272
20266
20269
12361
12428
12359
20246
23407
23410
10416
10436
10418
10438
10400
10420
10402
10422
12315
12339
12317
12341
12347
12343
12349
12345
20275
10364
10282
10334
10330
10332
10336
10338
10340
10342
10344
23242
10346
10348
10350
10352
3481
3483
3485
3486
3488
20146
20149
20152
20155
20158
20161
2581
22231
23227
23232
23237
2627
2623
2625
3477
2629
2619
2615
2617
3476
2621
2657
2653
2655
3478
2659
2673
2669
2671
3480
2675
2665
2661
2663
3479
2667
12466
12460
12462
12464
12468
12476
12470
12472
12474
12478
12486
12480
12482
12484
12488
7336
7342
7348
7354
7360
10286
10288
10290
10292
10294
23209
23212
23215
23218
23221
10390
10386
10388
10384
19933
23191
10382
10378
10380
10376
19927
23188
10374
10370
10372
10368
19936
23194
12504
12500
12502
12498
19924
23203
12512
12508
12510
12506
19930
23200
12496
12492
12494
12490
19921
23197
12331
12333
12327
12329
7376
7384
7374
7382
7400
7399
7398
10470
10440
10472
10442
10474
10444
19912
19915
2651
12323
12321
12325
2639
2641
2643
12516
12514
23224
12518
12520
12522
12524
19918
23206
12379
10362
10284
12426
12422
12437
12424
23185
12389
12391
23258
23261
23264
23267
23276
23279
23282
12526
12534
12536
12532
12538
20002
12530
12528
19997
19994
12596
23249
12381
12383
12385
12387
12397
12439
12393
12395
12351
12441
12443
19958
19964
19967
19961
19970
19973
19979
19982
19976
19985
19943
19946
19952
19955
19949
12363
12365
12367
12369
23270
23273
12371
20005
12357
12373
12335
19991
19988
12540
12430
12355
12432
12353
12337
23246
23252
23255
19730
20014
20011
23339
23336
23342
23345
20059
20017
20068
20071
20074
20077
20065
20062
22246
20143
22239
22236
23348
20128
20131
20137
20134
20140
20035
20038
20044
20047
20041
20095
20098
20101
20107
20104
20080
20092
20086
20089
20083
20125
20116
20113
20122
20119
20020
20023
20026
20032
20029
19724
20110
20056
20050
20053
20008
3827
3828
3829
3830
3831
3832
3833
3834
3835
3836
3837
3838
12613
12614
12615
12616
12617
12618
12619
12620
12621
12622
12623
12624
20220
20223
20226
20232
20229
20235
12402
12411
12406
12404
12405
12403
12408
12407
12409
12642
12410
21389
7329
7330
7331
10326
10327
20238
4561
12703
10548
10550
10549
10547
10551
10555
10552
10553
10589
10564
4071
4069
4068
4072
4070
11893
4506
4504
4503
4507
4505
11894
4511
4509
4508
4512
4510
11895
4513
4514
4516
4515
4037
4039
11898
11896
11897
11899
11900
11901
12637
12638
12639
13258
13259
13260
13261
9469
9470
9472
9475
6908
6910
6912
6914
6918
6916
6924
6920
6922
6889
6926
8841
8839
8840
8842
11663
11665
11664
11666
13072
13073
5554
5553
5555
5557
5556
12853
12854
3470
10941
10939
10940
10933
13646
13642
13640
13644
13639
13353
8952
8959
8991
8953
8960
8992
8954
8961
8993
8955
8962
8994
8956
8963
8995
8957
8964
8996
8958
8965
8997
8966
8967
8968
8969
8970
8971
8988
8940
8941
22840
22846
22844
22842
22838
6798
6799
6800
6801
6802
6803
6804
6805
6806
6807
21439
20517
20520
20595
13071
2978
2979
2980
2981
2982
2983
2984
2985
2986
2987
2988
2989
2990
2991
2992
2993
2994
2995
10859
10877
10878
10879
10880
10881
10882
8844
8845
8846
8847
8848
8849
8850
12954
21664
21666
21668
21670
21672
21674
21676
21678
21680
21682
19529
19586
19589
19592
19610
19601
764
766
12013
12014
12015
12016
11341
11342
11343
11344
11345
11346
11347
11348
11349
11350
11351
11352
11353
11354
11355
11356
11357
11358
11359
11360
11361
11362
11363
11364
11365
11366
6654
6655
6656
6180
6181
6182
7592
7593
7594
7595
7596
3057
3058
3059
3060
3061
6183
20590
22545
22550
22555
22557
21816
21804
22305
22302
22299
21813
21810
21807
21802
21820
11850
11852
11854
11856
11858
11860
13357
13358
13359
13360
13361
13362
13363
13364
13365
13366
13367
13368
13369
13370
13371
13372
13373
13374
13375
13376
13377
13378
13379
13380
13381
13320
13321
13322
13323
20659
20661
20663
20665
4133
7976
7977
7978
20724
21270
20736
20730
4153
6665
6666
11037
11902
20727
8921
21646
21643
21637
6809
4119
4121
4123
4125
4127
4129
4131
11840
11908
11235
21028
21009
22963
22960
22957
4109
4111
4113
4115
4117
4099
4101
4103
4105
4107
23047
23050
23053
23056
23059
24268
6568
6524
6528
6523
6525
6526
6522
21298
21301
21304
21509
13576
7991
7993
7989
10976
10977
11942
9050
19679
19681
19683
11338
11335
2366
22100
22103
21918
1249
19707
2997
21838
20439
20436
20442
20433
21343
21345
21392
9007
9008
9010
9011
22374
20754
22875
7536
7538
13393
23522
23943
24000
23959
24034
24037
24040
24046
24043
6055
20747
mahogany ladder icon
12019
21539
21356
565
566
5509
5510
5512
5514
11784
11865
12018
11773
11772
11771
11770
13202
12691
12692
19710
21752
2414
2412
2413
21795
21791
21793
2415
2416
2417
19675
10498
10499
22109
3840
3842
3844
12610
12612
12608
rigour
augury
preserve
chivalry
piety
9747
9750
9753
9756
9759
9762
9765
9789
9768
9771
9774
9777
9780
9783
9786
9948
9792
9795
9798
9801
9807
9804
9810
9813
13221
19476
13280
4057
4058
4059
4060
4061
4062
4063
4064
4065
13337
20760
21898
21284
13329
21784
21776
21780
13335
13331
13333
21061
21064
21067
21070
21073
21078
13579
13581
13583
13585
13587
13589
13627
13629
13631
13633
13635
13637
13603
13605
13607
13609
13611
13613
13591
13593
13595
13597
13599
13601
13615
13617
13619
13621
13623
13625
13667
13669
13671
13673
13675
13677
13393
13393
19687
19689
19693
19691
19695
19697
20838
20840
20842
20844
20846
23101
23097
23095
23091
23093
23099
goblin salute
goblin bow
glass wall
lean
glass box
climb rope
zombie walk
zombie dance
star jump
push up
sit up
air guitar
uri transform
flap
idea
stamp
slap head
rabbit hop
scared
zombie hand
hypermobile drinker
smooth dance
crazy dance
premier shield
4446
6792
2887
605
983
4077
1590
759
1542
1839
6104
85
1843
21760
21762
21764
21766
21768
21770
21772
4031
4024
4029
4026
4028
19525
6707
13121
13133
13117
13129
13137
11136
22941
13125
13112
13104
13141
13108
13122
13134
13118
13130
13138
11138
22943
13126
13113
13105
13142
13109
13123
13135
13119
13131
13139
11140
22945
13127
13114
13106
13143
13110
13124
13136
13120
13132
13140
13103
22947
13128
13115
13107
13144
13111
20164
20249
19941
22675
13226
12791
11866
11875
19639
11864
19643
21264
19647
21888
23073
4162
7421
4161
6696
23458
teleport to kourend
teleport to bounty target
ourania teleport
fertile soil
recharge dragonstone
8011
1409
8012
19631
11747
22746
4151
13263
13263
13263
7979
13265
13273
13277
23077
23064
20849
22973
22973
22973
22973
22973
22973
4734
4734
4734
4734
4757
4757
4757
4757
4718
4718
4718
4718
4724
4724
4724
4724
4708
4708
4708
4708
4749
4749
4749
4749
4740
22372
11920
7158
12603
12603
12603
13178
11995
11926
11926
11926
11924
11924
11924
11990
12653
7980
11286
13181
13179
13177
12819
12819
12819
12829
12833
12816
13247
13231
13231
13231
13245
13233
13249
11818
11818
11818
11816
11810
11812
11814
11785
13256
11824
11787
11791
11832
11832
11832
11826
11826
11826
12651
12650
12649
12652
11838
12645
12645
12645
6737
6737
6737
6737
13262
20849
6739
6724
6562
13225
6570
23757
23953
23953
23995
23859
12646
7416
21748
21730
21742
21742
21742
21726
21745
22994
22885
22885
22885
21291
21295
12647
7981
12885
2513
12655
12004
11907
12007
20756
23495
23525
23520
23528
21273
19701
21275
19685
6571
19677
12648
12002
11998
21992
2425
22006
22106
22111
20693
20714
20718
20704
20704
20704
20704
20712
20720
23760
23953
23908
12921
13200
13200
12936
12932
12927
12922
12938
12934
20851
22386
20997
21018
21015
21047
21027
6573
22388
22390
22392
22394
22396
22473
22325
22326
22405
22494
22496
22498
22500
22502
21018
21018
20997
20997
20997
20997
21015
21047
21047
22325
22325
22325
22326
22326
23182
23182
23182
23182
23182
2677
2677
2677
2677
2677
2677
2677
2677
2677
2677
2677
2677
2677
2677
2677
2677
2677
2677
2677
2677
2677
2677
2677
2677
2677
2677
2677
2677
2801
2801
2801
2801
2801
2801
2801
2801
2801
2801
2801
2801
2801
2801
2801
2801
2801
2801
2801
2801
2801
2801
2801
2801
2722
2722
2722
2722
2722
2722
2722
2722
2722
2722
2722
2722
2722
2722
2722
2722
2722
2722
2722
2722
2722
2722
2722
2722
2722
2722
2722
2722
2722
2722
2722
2722
2722
12073
12073
12073
12073
12073
12073
12073
12073
12073
12073
12073
12073
12073
12073
12073
12073
12073
12073
12073
12073
12073
19835
19835
19835
19835
19835
19835
19835
19835
19835
19835
19835
19835
19835
19835
19835
19835
19835
19835
19835
19835
19730
4561
4561
4561
4561
4561
4561
4561
4561
4561
4561
4561
12703
10550
10551
10555
10552
10553
10589
10564
10550
10550
10550
4069
4504
4509
4513
4516
4037
4039
11896
11899
12637
4069
4069
4069
4069
4069
4504
4504
4504
4504
4504
4509
4509
4509
4509
4509
4513
4516
11896
11896
11899
11899
12637
12637
13259
9470
6908
6910
6912
6914
6916
6889
6926
8841
8839
11664
11666
13072
13073
5553
12853
12854
3470
10939
13646
13639
13353
8952
8953
8954
8955
8956
8957
8958
8971
8988
8940
9470
9470
9470
6916
6916
6916
6916
8839
8839
11664
11664
5553
5553
5553
5553
10939
10939
10939
13646
13646
13646
8952
8952
8953
8953
8954
8954
8955
8955
8956
8956
8957
8957
8958
8958
8971
8971
8971
8971
8971
8940
13259
13259
13259
22840
22846
22838
6798
6799
6800
6801
6802
6803
6804
6805
6806
6807
21439
20595
13071
2978
2979
2980
2981
2982
2983
2984
2985
2986
2987
2988
2989
2990
2991
2992
2993
2994
2995
10859
10882
8844
8845
8846
8847
8848
8849
8850
12954
21664
19529
19589
19610
764
766
12013
22846
22846
20595
20595
10882
10882
10882
10882
10882
21664
21664
19589
19589
19589
12013
12013
12013
11341
6656
6180
7592
3057
6183
20590
22550
22557
21816
22305
21802
21820
11850
13361
13366
13371
13376
13381
13320
13321
13322
13323
20659
20661
20663
20665
4133
7976
7977
7978
20724
20736
20730
4153
6665
6666
11037
11902
20727
8921
21646
21643
21637
6809
4119
4121
4123
4125
4127
4129
4131
11840
11908
11235
21009
22957
4111
4101
23050
24268
6524
21509
13576
7991
7993
7989
10976
10977
11942
13074
19685
11338
11335
22963
1249
19707
2997
21838
20439
21343
21345
21392
9013
22374
22875
7538
13393
23522
23943
24000
23959
24037
11341
11341
11341
11341
11341
11341
11341
11341
11341
6656
6656
6180
6180
7592
7592
3057
3057
22550
22550
22305
22305
22305
22305
22305
11850
11850
11850
11850
11850
20724
21009
22957
4111
4111
4111
4111
4101
4101
4101
4101
23050
23050
23050
23050
6524
6524
6524
6524
6524
6524
21301
21301
21301
19685
19685
22963
22963
22963
22963
20439
20439
20439
9013
9013
9013
22374
7538
24037
24037
24037
24037
3057
3057
21804
6055
20749
12011
12019
21539
21356
565
566
5509
5510
5512
5514
11865
12017
11773
11772
11771
11770
13202
12691
12692
19710
21752
2414
2412
2413
21795
21791
21793
2415
2416
2417
19675
10498
10499
22109
3840
3842
3844
12610
12612
12608
rigour
augury
preserve
chivalry
piety
4057
9747
9750
9753
9756
9759
9762
9765
9789
9768
9771
9774
9777
9780
9783
9786
9948
9792
9795
9798
9801
9807
9804
9810
9813
13221
19476
4058
4059
4060
4061
4062
4063
4064
4065
13280
13337
20760
21898
21284
13329
21784
21776
21780
13335
13331
13333
21061
13579
13627
13603
13591
13615
13667
13393
19689
20840
23097
288
3057
7594
6656
13221
12335
9005
20836
1189
4446
4446
4446
4446
4446
21760
21760
4028
6707
13121
13133
13117
13129
13137
11136
22941
13125
13112
13104
13141
13108
13122
13134
13118
13130
13138
11138
22943
13126
13113
13105
13142
13109
13123
13135
13119
13131
13139
11140
22945
13127
13114
13106
13143
13110
13124
13136
13120
13132
13140
13103
22947
13128
13115
13107
13144
13111
20164
20249
19941
22675
4819
960
960
960
8778
8778
8778
8780
8780
8780
8782
8782
8782
8782
4692
4692
4692
4692
4692
4692
4692
4692
13226
12791
11866
19639
4162
954
9418
5008
19677
10167
8950
1351
9945
23458
772
772
20636
20635
20635
20635
20635
20635
20635
teleport to kourend
teleport to bounty target
ourania teleport
9084
11154
21483
1615
4675
1409
teleport to ardougne
8012
1963
8007
8010
8012
11747
13227
13247
13275
12936
7979
22983
19730
4753
12926
11924
11920
7980
12819
13231
11785
11832
11826
11816
11806
6737
6570
23995
12646
21739
22994
21295
2513
11908
23528
21275
11998
2425
20720
23760
12927
10939
20851
21000
22323
20997
10551
4509
4037
6920
8839
12853
13646
8970
22840
21439
2995
10882
19529
12013
3058
22305
20665
4151
6524
21838
11773
2414
21795
2417
12612
rigour
13280
21284
21061
20836
13104
13105
13106
13107
19941
8782
20635
9084
6926
10352
10350